11011001110110100111101111101010
00011010001100011101100010101011
11100010101000100111101101001110
10000101010111000101110001011100
01010000111011010000000011000100
10000011100010001110101010011011
00001111101101111100001000000100
11000010110000010010110100111001
10010111000101010111101001101111
11001000111001001011101111100100
00110010110001000000110100110101
11110010011100010110000010010010
11101011101000000010111000110111
10011000000101111101011000110110
10100001010001000101010100011101
11110100100110101101111000110111
11110000000111110010111001110010
01001010110000001010101100110101
10111110001110100010000011111111
01111010011111010111111111001010
11010000000001011010001100110010
00011011101111110000100001011100
00101011110001100001000110101110
10001000001000001000001110011101
00100111111011001011001011100011
10100101111011100011100010010100
10001000010110110101001010001001
00110000011101000000000011100011
10011000010101000110101110000011
00000011100111101000100111101110
11010100000111011100100111100101
11111001101011000001011101010001
00101010111101110000110101101011
11110000011001111101001101111110
11010100000111011100110010100111
00000100110000111000101101001111
01011101101110101001101110010011
11000011010101011010010101110110
01100000000010100011111000011110
11011110010111000011100101101111
11110011011101111010011101011100
01111101001110110001011001111001
11010001000011001111010000000100
11111110000100101111001111110001
11101101101100011011110010001010
11010110000011110101010111110011
10110110110111100110000010000000
00000101000000000011100010000010
11011110100110011110101011000001
01000011110000011100111111010000
10100101100111001111101001011000
10000000010110010010111101011100
01111011010010111111001000111001
11001110101000110001100011001001
01110110100011010110101001100101
11001111101000111111100011110110
10000100000100010110110110011101
11100000011000000101000001011100
01100110110100110111000100110001
00101100111101000111101011100111
11110100100100000100001011110010
11101000111101011111001000011101
11101011101001101100000101010110
00000111010110111110001100111011
00011011001111001110111011011010
10010000110010111101111101100101
11100111111011011010000010001011
10110001011100100001111000110001
10001010111110100010111101110111
00011101110011100110001111011000
01111010000101110111010010001001
01110101010110001101100010000111
11010001100101100111010110010010
11111010111001111000000100000100
00110101110100110110100010010111
10011011111100101010010110010000
01000101000110111110000100010011
00010101101011001100101101110011
11011110101111110000000110010011
01100100011001010000001011110011
10010111100001100100101001111001
01101011011011110010111001010101
11001101101001101000000000101000
01011111111001101000000011100111
11111110010001011000110011110110
11000100100110100100111000100101
11111000110010000000100110000101
11111100010111110010001110110101
10010100111101111011100100110001
11100001111110100110011000000100
11001011100110101110101001011100
00101101111001001111011110111010
10010110001011110011001010011101
01110111001001111001010100110011
00100001010010010011100001101010
11100001011110011010101000100110
01101000000001100100101001101101
11000010001010001001101100110011
10111000110111001100101100011101
10011100010001011110111111000001
