0000001000010011011100000011
0000000000001111101010011101
0000000000010100101111010010
0000000000010011111001001010
0000001001101000011101101001
1111111111111111111111111111
0000001001000000010000000011
0000000000010000101111101110
0000000000010000010001100100
0000010001010111000010011011
0000000000100000011100100110
0000000000011011001000100011
0000000000010100100111011010
0000000000010100001001100000
0000001001010101000010011010
0000000000010101100010000000
0000000000010001100010111110
0000000000010000100011100010
0000010000101001100011101100
0000000000010000011001111010
0000000000010000000011010000
0000000000010101000100011011
0000000000010000000100100100
0000000000100101010101011111
0000000000101011101110101011
0000000000010101110010101100
0000000000010001011101110110
0000000000001111101111001100
0000000000100000000100000110
0000000000011000010010110101
0000000000100000101111101110
0000000000011010110011100110
0000000000010011101001010000
0000000000010001010001010001
1111111111111111111111111111
0000000000010001001010010010
0000001000010011011100001111
