11011001110110100111101111101010
00011010001100011101100010101011
11100010101000100111101101001110
10000101010111000101110001011100
01010000111011010000000011000100
10000011100010001110101010011011
00001111101101111100001000000100
11000010110000010010110100111001
10010111000101010111101001101111
11001000111001001011101111100100
00110010110001000000110100110101
11110010011100010110000010010010
11101011101000000010111000110111
10011000000101111101011000110110
10100001010001000101010100011101
11110100100110101101111000110111
11110000000111110010111001110010
01001010110000001010101100110101
10111110001110100010000011111111
01111010011111010111111111001010
11010000000001011010001100110010
00011011101111110000100001011100
00101011110001100001000110101110
10001000001000001000001110011101
00100111111011001011001011100011