10010110000110110111001000010101
00110111000000011010010000000101
00110100010000011110110001110111
11111110110010110011111010110101
11110001111001100111000011010100
01110011000100101101011010011110
11010010111101001101101010010010
01000011001100101000011100000110
00010010010001101111010001111100
00100000110011010101001111111111
00011110010110011000001111011011
01000000011001111011000001001100
11110001110010100010000011000111
01001111111111110111101100111001
11000011101111101101010001111011
10001100011101100010111111101110
00111000011100111000001011111011
10001001001100110101101010110000
10100010110110101111011010101110
00111111100010110001101111100000
10110010101011111110111001001110
11010000011111011110001000011111
00010011111000111101001001010100
00010110000001101101000000100000
10110001110100001001101000111101
10000100001010100011110001000011
11100111101100011101000100111000
10100100111111100101000111101101
10000010011000010100000001111100
11100000111001111011000001000000
10111100101010011011011100001101
01001111110111111010010100000000
00110000000111100001110101000111
10101000000110001101000101111011
00001111111101101001011011010111
01111101011001000111010111101011
01111100000011011010111110000110
01110011101000100000010101111001
00011101110010000000110100110100
10111000100100111110111101110010
10111111010011100000100010110101
10000111000100111111101110011111
01011101101100000001011101000100
01110100111010010001100111001100
11100100110100001100100111111001
00010000011000000011011001111010
11001011100110110100000111001001
11111111111001001101110100001110
01100110100001010001001000011010
11001001101000111000110100000000
10101101000011011110011101100010
01100000011100000011110100010100
00001001110100001100011011111101
00011110110100000010001101001000
00000101001100000110001100011110
10001111000000000100001011101010
00011111010011010010010010001011
10000101100000100110011010010010
01100001110100111100010110000010
10000011011110000111011010000100
00100001011101111110101110111100
11100110111110001000001001001111
00110100001110010101000111100111
01100101100111000011111010111000
00011000000110111011111010101001
11000110110001010101011001101001
10110110100011011001100001100101
00010000011010001010101100011000
01101010110110010111001010001110
10110100111010101110001110111001
00110110110000110010111010100000
01111001110111111000000101000010
00111111011110100101011000000110
01001101001111101011011101001001
00011001000000000010100101110111
11011101001010110100010010111110
00001011110001111001101100111110
10111010110011000111101011001100
11100001110010010000010101010001
00000011111100111011110000110010
00100110100000000110111101101010
01100101111000010110001010101010
11100110001101110111011111101110
01111011110100011010101111110100
11011000111111111100010000001111
01100001010110110010011111010101
00100001110000100111101010101001
01101101011001011110111000111100
10110110011011011000100111001101
11010101011110011000111110011100
10000001001110100010011100010111
11011110101010100010100100101011
11010000001110110010010110110000
01111001010010001100111010111101
00100000111010100100100000000010
11010111001101011001101000110010
11001000011100001101111110001010
00000110011000011100111110011100
10000100101010010010111001010010
10000111110010101001101111011110
