00000000000000000000000110111010
00000000000000000000000101001011
00000000000000000000001010001100
00000000000000000000001000000011
00000000000000000000000100010000
00000000000000000000010110100101
11111111111111111111111111111111
00000000000000000000000100000001
00000000000000000000000110011100
00000000000000000000001001010010
00000000000000000000000110101101
00000000000000000000000101011001
00000000000000000000000101110001
11111111111111111111111111111111
00000000000000000000000100011111
00000000000000000000000100111111
11111111111111111111111111111111
00000000000000000000000101100010
00000000000000000000001010001110
00000000000000000000000100110010
00000000000000000000000110000111
00000000000000000000000100000010
11111111111111111111111111111111
00000000000000000000000111111000
00000000000000000000000111100101
00000000000000000000000100101101
00000000000000000000000101101010
00000000000000000000010111000000
00000000000000000000000110011110
11111111111111111111111111111111